Signal
-37
-75
-37
-74
-36
-75
-36
-74
-35
-77
-35
-76
-34
-37
-76
-76
-75
-28
-28
-76
-32
-31
-33
-32
-31
-81
-31
-32
-32
-32
-33
-77
-34
-34
-34
-78
-34
-77
-34
-79
-35
-77
-34
-29
-29
-31
-75
-27
-77
-27
-24
-79
-36
-78
-24
-33
-75
-32
-74
-31
-73
-33
-78
-48
-70
-32
-61
-32
-68
-32
-50
-34
-31
-32
-72
-31
-66
-30
-62
-42
-42
-42
-33
-25
-31
-24
-59
-23
-22
-54
-21
-21
-59
-28
-38
-21
-57
-21
-34
-19
-26
-19
-19
-33
-34
-27
-25
-34
-32
-40
-34
-37
-35
-38
-32
-30
-28
-38
-26
-48
-29
-34
-25
-32
-28
-33
-28
-36
-28
-33
-31
-30
-28
-29
-29
-29
-31
-37
-23
-17
-31
-14
-38
-24
-35
-15
-37
-15
-33
-16
-35
-32
-38
-42
-39
-4
-39
-4
-41
-35
-33
-38
-31
-33
-1
-32
-31
-32
-35
-40
-23
-43
-18
-48
-11
-28
-32
-31
-33
-35
-48
-35
-55
-31
-61
-20
-58
-31
-58
-28
-31
-22
-68
-41
-72
-29
-73
-40
-54
-31
-25
-26
-28
-28
-25
-82
-34
-33
-34
-34
-31
-32
-31
-32
-32
-37
-38
-37
-37
-37
-37
-36
-35
-35
-34
-33
-34
-34
-34
-34
-35
-46
-46
-46
-41
-42
-80
-41
-41
-41
-91
-44
-44
-44
-40
-40
-87
-44
-41
-44
-40
-44
-40
-39
-44
-39
-39
-39
-40
-39
-37
-38
-38
-38
-37
-39
-38
-38
-38
-38
-38
-37
-38
-38
-38
-38
-37
-38
-38
-40
-85
-84
-40
-84
-40
-40
-38
-37
-38
-38
-36
-37
-39
-41
-39
-37
-37
-37
-37
-37
-37
-37
-34
-34
-33
-34
-34
-33
-33
-33
-25
-25
-25
-26
-25
-25
-26
-24
-23
-23
-23
-84
-24
-23
-24
-23
-23
-27
-25
-25
-28
-25
-27
-28
-25
-25
-98
-38
-28
-38
-28
-38
-28
-26
-38
-28
-38
-29
-28
-27
-38
-38
-38
-33
-33
-34
-34
-33
-33
-34
-34
-94
-28
-28
-28
-28
-27
-27
-24
-28
-28
-28
-28
-28
-25
-28
-25
-25
-25
-23
-25
-26
-22
-19
-21
-20
-21
-20
-21
-21
-22
-22
-21
-20
-17
-21
-21
-22
-19
-21
-20
-20
-22
-21
-22
-19
-22
-20
-20
-20
-21
-20
-22
-20
-21
-21
-20
-28
-28
-28
-28
-28
-28
-25
-28
-28
-27
-27
-27
-28
-29
-29
-30
-32
-30
-32
-38
-25
-30
-30
-28
-38
-30
-29
-30
-30
-32
-29
-30
-29
-32
-38
-32
-32
-24
-25
-24
-23
-23
-24
-24
-23
-27
-23
-23
-23
-23
-23
-23
-23
-27
-27
-86
-86
-38
-35
-36
-36
-36
-36
-35
-34
-35
-34
-32
-32
-32
-32
-32
-32
-34
-32
-29
-32
-20
-20
-20
-21
-21
-22
-21
-22
-22
-22
-21
-19
-22
-88
-89
-93
-94
-89
-22
-24
-24
-89
-24
-21
-22
-24
-22
-24
-23
-24
-24
-24
-24
-24
-24
-24
-22
-22
-22
-23
-22
-22
-24
-22
-24
-22
-89
-24
-24
-22
-22
-24
-87
-87
-87
-88
-23
-22
-22
-23
-89
-88
-22
-21
-24
-22
-92
-91
-22
-24
-24
-22
-24
-24
-24
-22
-22
-88
-22
-22
-22
-20
-22
-24
-22
-21
-22
-23
-22
-24
-24
-24
-24
-23
-23
-23
-24
-22
-24
-24
-23
-24
-23
-24
-21
-22
-22
-22
-21
-22
-22
-22
-19
-22
-91
-92
-91
-91
-91
-24
-90
-23
-26
-26
-22
-22
-22
-22
-22
-24
-24
-24
-23
-24
-24
-24
-23
-25
-23
-26
-24
-26
-25
-26
-24
-25
-25
-24
-22
-24
-24
-23
-23
-22
-24
-24
-22
-22
-22
-22
-24
-24
-21
-24
-24
-25
-26
-25
-23
-24
-90
-89
-22
-21
-22
-23
-23
-24
-23
-22
-24
-22
-22
-22
-23
-22
-22
-23
-92
-20
-20
-22
-22
-89
-90
-90
-91
-90
-22
-19
-22
-22
-24
-22
-24
-22
-21
-22
-22
-22
-22
-24
-24
-24
-25
-24
-23
-26
-25
-26
-25
-26
-24
-25
-25
-26
-24
-25
-25
-26
-24
-24
-25
-25
-25
-24
-24
-25
-26
-24
-25
-26
-26
-25
-25
-26
-22
-24
-22
-23
-23
-23
-23
-23
-22
-23
-24
-22
-22
-24
-22
-23
-23
-92
-18
-87
-30
-32
-34
-32
-32
-32
-32
-38
-38
-33
-38
-95
-95
-39
-36
-91
-90
-90
-89
-33
-33
-35
-36
-36
-36
-36
-35
-36
-35
-41
-88
-44
-38
-89
-39
-89
-89
-52
-50
-91
-46
-48
-46
-48
-90
-89
-89
-89
-43
-53
-54
-52
-38
-91
-92
-31
-32
-31
-31
-31
-31
-32
-48
-47
-47
-47
-48
-47
-90
-33
-86
-39
-88
-38
-28
-28
-28
-28
-84
-25
-84
-85
-87
-30
-34
-35
-35
-33
-30
-84
-38
-38
-38
-32
-31
-86
-32
-84
-32
-90
-34
-32
-33
-34
-34
-38
-33
-84
-28
-40
-78
-39
-73
-39
-38
-71
-78
-38
-73
-50
-65
-38
-72
-39
-76
-34
-80
-29
-70
-40
-35
-73
-35
-73
-29
-77
-43
-38
-40
-38
-70
-34
-30
-30
-40
-69
-45
-69
-39
-42
-69
-42
-40
-70
-44
-69
-41
-36
-68
-30
-66
-39
-68
-43
-64
-43
-58
-31
-33
-58
-42
-58
-31
-57
-32
-58
-44
-41
-42
-59
-48
-58
-46
-59
-50
-58
-47
-60
-50
-61
-48
-60
-50
-59
-43
-58
-45
-59
-39
-38
-32
-59
-48
-59
-59
-48
-61
-47
-58
-52
-59
-55
-59
-50
-59
-50
-58
-33
-59
-50
-58
-50
-58
-50
-59
-50
-59
-50
-59
-51
-59
-53
-59
-32
-33
-59
-32
-59
-31
-59
-33
-58
-54
-59
-32
-58
-52
-59
-31
-58
-32
-59
-32
-59
-33
-60
-33
-60
-33
-59
-48
-60
-33
-59
-33
-58
-31
-59
-32
-59
-53
-58
-32
-59
-50
-59
-60
-61
-39
-59
-52
-62
-53
-72
-48
-66
-32
-67
-50
-68
-34
-66
-50
-68
-33
-38
-38
-33
-66
-33
-68
-33
-66
-33
-67
-33
-68
-33
-68
-53
-61
-53
-64
-56
-54
-62
-50
-61
-58
-63
-59
-64
-50
-64
-56
-64
-52
-64
-34
-64
-50
-66
-34
-64
-50
-48
-68
-33
-66
-34
-66
-58
-66
-34
-67
-34
-67
-57
-66
-34
-66
-55
-66
-56
-67
-54
-66
-34
-67
-34
-66
-34
-34
-67
-34
-66
-34
-66
-59
-62
-34
-65
-46
-66
-47
-69
-52
-67
-48
-69
-50
-68
-42
-68
-46
-67
-35
-68
-50
-68
-50
-68
-34
-69
-49
-69
-53
-68
-52
-68
-54
-66
-59
-61
-49
-34
-61
-34
-60
-60
-73
-72
-59
-60
-73
-73
-40
-40
-36
-76
-38
-38
-73
-74
-60
-38
-61
-42
-60
-35
-60
-42
-61
-37
-59
-36
-60
-37
-60
-35
-60
-40
-61
-38
-38
-60
-40
-60
-34
-34
-60
-34
-60
-34
-61
-38
-61
-42
-60
-39
-60
-36
-61
-38
-61
-38
-60
-38
-60
-37
-37
-61
-33
-61
-40
-41
-41
-40
-42
-40
-38
-61
-36
-60
-38
-60
-34
-60
-40
-60
-36
-60
-34
-60
-34
-60
-34
-61
-34
-60
-36
-60
-36
-61
-34
-60
-36
-60
-36
-60
-35
-61
-36
-60
-40
-60
-36
-60
-36
-61
-73
-61
-37
-60
-38
-60
-38
-61
-35
-59
-40
-61
-34
-60
-35
-60
-36
-61
-36
-75
-36
-73
-73
-60
-40
-59
-36
-61
-38
-61
-35
-61
-35
-60
-36
-36
-35
-61
-36
-61
-36
-36
-61
-36
-61
-36
-62
-60
-36
-61
-36
-60
-61
-73
-62
-61
-73
-73
-61
-37
-62
-37
-61
-36
-62
-37
-62
-36
-36
-37
-62
-38
-60
-61
-38
-62
-36
-60
-35
-60
-35
-60
-36
-60
-36
-60
-35
-35
-59
-36
-60
-35
-60
-35
-60
-36
-61
-37
-60
-35
-60
-35
-61
-62
-60
-35
-35
-63
-36
-62
-36
-61
-36
-59
-48
-50
-59
-50
-60
-50
-60
-52
-60
-60
-71
-71
-60
-37
-60
-53
-60
-51
-61
-36
-36
-60
-60
-72
-61
-36
-59
-38
-37
-60
-37
-38
-61
-61
-73
-53
-51
-72
-37
-42
-72
-73
-60
-60
-73
-73
-60
-60
-49
-60
-50
-60
-51
-59
-53
-61
-50
-60
-51
-60
-49
-60
-48
-59
-50
-60
-50
-60
-48
-60
-53
-60
-49
-60
-52
-61
-50
-61
-51
-49
-50
-60
-50
-60
-49
-59
-50
-61
-39
-61
-33
-32
-64
-26
-28
-40
-40
-69
-31
-75
-33
-77
-28
-33
-31
-73
-27
-28
-27
-27
-27
-27
-26
-80
-80
-28
-75
-75
-34
-34
-34
-34
-74
-74
-34
-36
-36
-36
-36
-79
-36
-80
-34
-33
-33
-33
-81
-82
-81
-33
-33
-84
-42
-42
-42
-42
-41
-40
-41
-36
-37
-38
-37
-38
-42
-38
-37
-45
-45
-40
-42
-82
-47
-42
-44
-40
-39
-40
-36
-40
-40
-36
-44
-82
